A1 A2 A3 A4
+ + + +
1 1 1 1
a
2 3 1 0
4
B1 B2 B3 B4 B5 B6 B7 B8 B9 B10 B11 B12 B13 B14
- + + + + + + - + + + + + +
1 0 0 0 1 0 0 0 1 0 0 0 0 1 0 0 0 1 0 0 0 1 0 0 0 1 0 0 0 0 1 0 0 0 1 0 0 0 1 0 0 0 0 1 0 0 0 1 0 0 0 1 0 0 0 1
a
1 2 0
5
0 1 2 3
3
0 2 1
5
3 2 1 0
5
5
45 91 90 11 57 68 56 0 81 80 0.68 0.81 0.98 0.98 50 82 90 16 68 79 67 0 91 93 0.71 0.83 1 0.95 52 93 90 14 90 84 89 1 89 90 0.83 0.84 0.85 0.85 38 82 70 9 59 73 57 2 84 80 0.62 0.75 0.87 0.92 66 71 90 21 49 83 86 0 78 81 0.78 0.90 0.82 0.88
