************以下是层次结构模型的主要信息*************
顶层没有数据
------------------->>以上为第1层<<---------------------

Z的判断矩阵#未命名矩阵#3
   1.000	   0.500	   0.250	   0.333	
   2.000	   1.000	   0.333	   0.500	
   4.000	   3.000	   1.000	   2.000	
   3.000	   2.000	   0.500	   1.000	

的主特征向量为#162
   0.095	
   0.160	
   0.467	
   0.277	

CI=0.0103278327659663,RI=0.89,CR=0.0116043064786138
------------------->>以上为第2层<<---------------------

A1的判断矩阵#未命名矩阵#6
   1.000	   0.200	   0.333	
   5.000	   1.000	   3.000	
   3.000	   0.333	   1.000	

A2的判断矩阵#未命名矩阵#7
   1.000	   1.667	   2.333	   3.000	
   0.600	   1.000	   1.667	   2.333	
   0.429	   0.600	   1.000	   1.667	
   0.333	   0.429	   0.600	   1.000	

A3的判断矩阵#未命名矩阵#8
   1.000	   5.000	   3.000	
   0.200	   1.000	   0.333	
   0.333	   3.000	   1.000	

A4的判断矩阵#未命名矩阵#9
   1.000	   0.333	   0.200	
   3.000	   1.000	   0.333	
   5.000	   3.000	   1.000	

 * 的主特征向量为#1226
   0.010	
   0.061	
   0.025	
   0.067	
   0.045	
   0.029	
   0.020	
   0.298	
   0.049	
   0.121	
   0.029	
   0.072	
   0.177	

CI=0.0168257073787992,RI=0.579232735759018,CR=0.0318352656975479
------------------->>以上为第3层<<---------------------

****************************************************************************************************
决策矩阵#3659
  58.000	  90.000	  90.000	   8.000	   9.000	  14.000	  17.000	   1.000	  80.000	  80.000	   1.888	   0.066	   0.053	
  65.000	  90.000	  90.000	  16.000	  10.000	  18.000	  20.000	   0.000	 100.000	 100.000	   2.040	   0.074	   0.044	
  44.000	  80.000	  90.000	  10.000	  18.000	   9.000	  22.000	   0.000	 100.000	  80.000	   1.725	   0.094	   0.072	
  39.000	  90.000	  90.000	  11.000	  12.000	  10.000	  18.000	   0.000	 100.000	  90.000	   2.933	   0.076	   0.045	

使用改进的归一化法对决策矩阵进行标准化法：
决策矩阵的标准化矩阵#3660
   1.050	   1.029	   1.000	   0.711	   0.735	   1.098	   0.883	   0.000	   0.842	   0.914	   0.879	   0.855	   0.986	
   0.875	   1.029	   1.000	   1.422	   0.816	   1.412	   1.039	   1.333	   1.053	   1.143	   0.950	   0.950	   0.821	
   1.100	   0.914	   1.000	   0.889	   1.469	   0.706	   1.143	   1.333	   1.053	   0.914	   0.804	   1.217	   1.348	
   0.975	   1.029	   1.000	   0.978	   0.980	   0.784	   0.935	   1.333	   1.053	   1.029	   1.367	   0.978	   0.846	

总评价值向量为：#3662
   0.640	
   1.116	
   1.166	
   1.079	

使用常规的归一化法对决策矩阵进行标准化：
决策矩阵的标准化矩阵#3663
   0.282	   0.257	   0.250	   0.178	   0.184	   0.275	   0.221	   1.000	   0.211	   0.229	   0.220	   0.214	   0.246	
   0.316	   0.257	   0.250	   0.356	   0.204	   0.353	   0.260	   0.000	   0.263	   0.286	   0.238	   0.237	   0.205	
   0.214	   0.229	   0.250	   0.222	   0.367	   0.176	   0.286	   0.000	   0.263	   0.229	   0.201	   0.304	   0.337	
   0.189	   0.257	   0.250	   0.244	   0.245	   0.196	   0.234	   0.000	   0.263	   0.257	   0.342	   0.245	   0.211	

总评价值向量为：#3665
   0.458	
   0.181	
   0.192	
   0.170	

